97.3898 97.1735 97.5924 98.5526 99.0689 99.1537 99.1514
70.1561 73.2736 77.3801 79.043 80.7047 80.7044 80.7041
69.6721 72.0028 71.7969 77.4014 78.9097 82.1645 83.4267
99.083 99.0864 99.2127 99.4907 99.6771 99.7997 99.814
62.3554 66.1172 69.9684 79.2522 84.7318 87.8304 88.9967
75.2004 78.0164 79.1881 83.4142 85.6503 87.3727 88.7874
69.3364 72.1877 75.3225 81.4888 84.3361 86.8709 89.6572
67.914 71.6493 75.122 80.1342 81.2575 83.3785 86.282
68.6388 71.9049 74.1819 79.1977 81.1226 83.7136 85.6946
64.123 66.6608 66.7959 70.2126 73.382 77.2518 81.0027
63.6535 65.9515 65.9765 70.1592 73.5372 77.6433 81.4321
64.2323 66.7068 67.2551 73.7209 77.0126 80.8422 83.8718
76.6917 79.7219 84.2057 87.7979 90.361 91.0364 91.4518
65.5207 67.7632 68.0172 72.2421 75.0359 78.5441 81.9181
64.5354 66.6142 66.2372 69.5679 72.6615 76.738 80.7206
62.9662 65.0859 65.1831 71.0118 75.0727 79.4349 83.0028
